0.017302002042176152 -0.1928290816736932
0.3056885410446307 0.271455596074097
0.5570241105019047 -0.22970724989762129
0.0973320183610676 -0.26041967791208787
-0.02801586720524296 -0.3435465315433941
0.197953520985222 -0.33719969672718564
0.26446584420505426 0.42532626001597784
-0.14424083169308333 0.2031717197966953
0.18187844868009947 -0.21861929257848564
0.3507407271970985 0.11991607670757702
0.10348890842635541 -0.1054327353817707
0.21685605078081954 0.509939236028455
-0.19590127946434666 0.22155724659395926
0.12836869521996622 -0.05357620556165298
-0.008432244525888193 -0.366497519433285
0.1739190543790342 0.09044712821298251
-0.07877905965689487 -0.16668764044358045
0.09948084466761864 0.2622633232329639
0.09614635336127243 -0.09080193449246357
-0.24921556600135442 0.23231600905540825
-0.09727807787277118 0.045644119073749906
-0.504703697671207 0.1688072694216535
0.05656031203703129 -0.2486672948543537
-0.13478294919948997 -0.14987596521495195
-0.07437832284461819 0.10020684311561168
0.44536637022778586 -0.045180039673914534
0.1167136750466543 0.2884623858502528
0.40699880484271 0.09906868696735768
-0.04516543832151607 -0.06273256578336417
-0.11431341620149818 0.1755219219897732
-0.16597537955376918 0.4149667114346942
-0.1544704186571273 0.3220503254764503
0.05590187353086463 0.10406926862294621
-0.06177292457861111 -0.17824837431732252
-0.002181592188234777 -0.05843260217760129
0.12179544404975794 -0.19099267503417963
-0.04622190540339717 0.09433963060325537
0.2693941608935684 0.4440545697253799
-0.1883561740063906 -0.5241082152393178
-0.09477181877850523 -0.30850448584538803
-0.5465866780199842 -0.21305172025138064
0.24242969232679942 0.30980550293391806
-0.21369889989189936 -0.07625530609832704
-0.0029847551030995063 0.23128522602014534
-0.27098416133412595 0.16889318737833936
0.13582527524313281 0.07270537616453306
-0.24671580351656228 0.28799936802904486
0.1869345935862315 -0.3696677236317547
-0.2606387985482853 -0.2643682825075464
-0.6961992680825794 -0.1333625281684559
0.4613470437750662 0.05067631899648531
-0.06044881327863065 -0.12078884261039961
-0.4513707237248182 -0.0349632817606795
-0.2747061701490646 -0.18655168560652807
-0.11709925096244612 -0.01695341594009704
0.5417897661316055 0.5015770441669347
-0.10482672801015924 -0.3345878250161096
-0.29373431721634674 0.350422874070447
0.11398366584354079 -0.28519642051445615
0.027041852251526145 -0.1596547376625303
-0.05015870017345483 -0.13914342302315394
0.03569736468923272 0.16505033790247575
0.23493333942244998 -0.4899591320676624
-0.030048172105025084 0.1364020960869352
0.09341916919114751 -0.0621050449258926
0.24373018803952679 0.19490170846553811
-0.10924004731442914 0.1408165854054936
-0.027574933067416273 0.3236293009743787
-0.26518249320394205 0.5285735758264057
-0.18999422242036232 0.001038612059772821
0.15603923328677433 0.29512146046622345
-0.17414591910120583 -0.011162820793351357
-0.0012167158254993715 0.02336725195109581
-0.18087847827027456 0.025452395335854004
0.3763944976901214 -0.43088713996170874
-0.09461529051076653 -0.09294923409498042
0.1854326809714298 0.04671637056814811
-0.10108401792848437 0.16766697384682308
0.1987636459526725 0.08578030685227585
0.2630736572451108 -0.07271673519555596
0.37239101656255386 -0.15093393932879112
0.15597950927056697 0.3249860830620042
-0.1247968150546174 0.005741202320170432
-0.10972838685607073 0.19178798577922207
-0.10923765880186723 0.09612245554658515
0.24012155624596895 -0.12810038414298686
0.10191350505170037 0.21921794294310223
0.16492541958625218 -0.02320255295233597
-0.3010684747637644 -0.5255628260860183
-0.16693215451671953 -0.002777298082387245
-0.10799598426452675 0.012302143089461433
0.24679077772500288 0.44670798939352085
-0.05336712361606427 0.22062084393543616
-0.16529917931330937 0.19639973922218634
0.25540629030059087 0.37689894604953367
0.3232087092274416 -0.15096508527171376
0.09237986434329494 0.14393445430022717
-0.03298126334791661 0.11068183113671468
0.3501924989189662 -0.3860223539352153
-0.16958733912999271 -0.09337800347132802
0.3044617688757814 0.1159397362963557
-0.015667205027380428 -0.014037538467028642
-0.04406242597179582 0.031014815219082583
-0.37188852855434895 0.045451056960972756
0.30930238043598174 0.05002572803184427
-0.2853835155237556 0.6579878890981231
-0.18308184192658483 -0.10774620208655093
-0.07173720532342016 0.23785276263941943
-0.06753549105978418 -0.13810178494572758
-0.41146346823445246 0.578311870834598
-0.029286380281884763 0.3212014027356981
0.01999863881472331 0.24450383899064718
-0.08266953577456772 -0.17308076303310907
-0.06898538853006493 0.15799045319546257
-0.013983879345972266 0.2133367364639792
-0.3067101882529784 0.11733229665395059
0.2641280870986739 -0.05088925637705011
-0.2592771232432881 -0.12859861693238592
-0.24387146292981565 0.06913831119832327
0.19676880173662 0.14621023192822788
-0.08625834436507665 0.22882762973104376
-0.059576949973859025 -0.17959122451911225
0.4179590828411728 0.12706884070051647
-0.01572628831780209 0.19559331274473143
-0.23946242118988872 0.18031443884820414
0.018632241089513817 -0.36610351320517653
0.25644005583584456 0.16619244302679456
0.1837637826025182 0.3876929944467756
-0.20392995397805871 0.5277843553264183
0.20951440473957617 0.17674571235071948
0.10409296840400635 0.411870888647392
0.022029764808522978 -0.14176192754019618
0.2703782424360472 -0.37412475788370014
0.13874042071242187 0.07354577864192902
0.08237695773788989 -0.3901627042489127
-0.02464426202818559 0.31801690202381433
-0.020683534363056606 -0.12247266565230326
-0.501086479701415 -0.2636962816258492
0.18080780770209995 -0.4337602036454714
-0.08437655727541434 0.15686696378852016
0.014522788774397707 0.35169508526030624
0.044931250642783166 -0.13196268964322438
-0.1545484675525368 -0.5918821886218384
0.008426119628712243 -0.16255387684281336
0.11747454770365383 -0.07860800028549203
0.037214852836685776 -0.017418317182782396
-0.3652854112833151 -0.04292293366533398
0.1949620791340329 0.24624059986962438
0.06810209864310099 0.050115905375048966
-0.07577682364178162 0.00535153725330695
-0.17138584778040325 0.18182576237955203
-0.16276183160803956 -0.3076875241303515
-0.060610512897645505 0.07373887738210025
0.04633353749544577 -0.25984001358124387
0.38874961037090267 -0.09621072213657711
-0.2867470290788733 -0.02842932923093863
0.3419089050829276 -0.033971218434643624
-0.16351985963701868 0.3709816271545999
-0.0345128263572348 0.7105949256958703
-0.19710405050249044 0.3475240621012145
0.17046133903531838 0.5528596421485426
0.2660406686776619 0.19944554570420117
0.06041252205927241 0.1524484624670886
-0.42142286659939493 0.40892281088287596
-0.1939386370511592 0.2363769883947151
0.25951486112247 0.26476185568428523
0.23215455383026526 0.2933147853775605
-0.2776411528574752 0.1953181036011049
0.1384163774896543 0.2663641333262564
0.28041527253383797 -0.025160369078857103
0.24595600721086353 -0.03154770410403449
-0.3329457827587123 0.19526452216611637
-0.09978154487435842 0.0032410708122377003
0.005752900022401764 0.36200609041330734
-0.11215190993604142 -0.16233652793099138
-0.15330685525037693 0.2992634943549747
-0.14219505652102415 -0.3591223374734615
-0.1278834419585109 0.08307935146432793
0.4586917645700148 -0.3960038938690107
-0.21437302606250463 0.1199110999009697
-0.053892658722034505 0.05796001083462431
0.21893128512108662 -0.05138084142526094
-0.15638655473904245 -0.12539260108318212
0.1878896406271008 0.11576282046220467
0.1208147535465945 0.7347202106457528
-0.36645072475220575 0.28750355612851597
0.2286103641805613 0.15084938515807153
-0.037179356406793596 0.24826505291005624
0.07649098784803036 -0.2645213176429271
0.12221543125766914 0.10582631419863332
0.3559084262224678 0.3242213944893892
0.12164620370234469 0.26982080275148596
-0.32442579057996257 -0.40578720662624745
-0.03593973519418561 0.018779073995855485
0.10295252997123645 0.385562358261075
-0.12533690399105343 0.473231267704645
-0.1585517246694717 -0.0965048519813927
-0.03689380410760659 0.13204838320656137
-0.4752636069614307 0.12240108958564486
-0.035786136326423204 0.1600399336358225
0.037801987743819154 0.2256723632440964
0.01649216627738965 -0.06831346081448339
-0.2327293281081522 -0.3489565986914216
-0.20254942430388534 -0.10447154258263813
-0.3083797079979986 -0.029018649601113704
0.2118243316721368 0.1963762799220134
0.3220996433866815 0.2380324163899951
0.32576457766955524 0.026327872730269302
-0.2975876443399233 0.2823691573822692
0.1301990495895253 0.11624125345017244
-0.30967385187731944 0.17910372238452296
0.5577870263841103 0.26635083376770063
0.17696870160011738 -0.08834593003962024
0.5033379184502895 -0.05972132961016172
-0.11165511769379359 0.061495470447852224
0.0876959403838235 0.17847362734083777
0.21708083980315915 0.08715433805890085
-0.07754441759613424 0.1516977825319779
-0.037418249219863524 -0.3103176509884092
0.30478683081171215 0.009989897986126933
-0.06754293340825616 -0.09828190994160112
-0.22415540799378023 0.007010604782672644
-0.19184581261710684 -0.0873779392502306
-0.4132791182814844 -0.28391807659119833
-0.07426409397972265 -0.031450458660314616
0.05985760533362985 0.13941760482763468
0.15040991704173504 -0.1445980714652518
0.15565690483763528 -0.10363663766867391
-0.33549492843645834 -0.17466664602477414
-0.20306428790178002 -0.00457754517604164
-0.3850597985097464 -0.06853450670608116
0.32106540287538965 -0.1294572723181359
0.12610934035694582 -0.05176453087608263
0.1074476198135534 -0.038456728304200195
0.25192566147745404 0.3643235443880332
0.4887071113793986 0.17027280092580063
-0.5144758049189988 0.07740749306234836
-0.058896280813123814 -0.07654260684595908
-0.2967640374905569 -0.3494923310242215
0.027510146606515008 -0.23749383884525307
-0.40990626393195484 -0.04857289636919363
0.3875220840806151 -0.06389426271757302
0.02297833267991496 0.1032461553870044
-0.3237590796117159 0.04456443909177817
-0.24300760265287943 0.1258719392391953
-0.04065861176716409 0.23663685011365082
0.03827140952488324 0.4144272801041408
-0.2587855350318079 0.2782754675757853
-0.03854899880033173 -0.36692531703835835
0.21145772458531692 -0.17752305544938943
0.11893889628229612 -0.017503179516481605
0.1250574232064264 -0.1917825705934403
0.02748076834691089 -0.2612188627078712
-0.025528353102768013 0.42847021750933945
0.1178208935933209 -0.08147335689700339
0.18751200333304732 0.027391907634897256
0.040010221784479195 -0.11640840211692392
0.008449389057101818 0.04127166864295553
-0.2295714574747633 -0.1265825600799223
-0.2949932570542929 -0.1351999657087266
-0.15326539588612825 0.019001322273941256
-0.2648792370562089 -0.16423778147120566
0.20866848413314604 -0.10780936756677291
-0.05052696257075655 0.27121538786657506
-0.17960428732931435 0.021512860108656898
-0.11799982392226 -0.031155462252971063
-0.19286471669955216 0.16655060973746508
-0.27315648053998626 0.5709402298469706
-0.18561886332121474 0.17924809673795358
0.30329502975294487 0.4026863791346647
0.06567148412124504 -0.30731113147268624
0.43179544694146477 0.5240764308256441
0.46810296359986914 -0.15258083588387855
-0.09227939662681223 -0.1677846212076557
-0.2465271013733126 -0.20746499572056262
-0.18027907239984736 0.19360623360295412
0.024373831264746796 0.12785800838014336
-0.574141424980976 0.15934419422292787
0.11428567277521316 -0.06620606312085218
0.055678324642923084 0.0017325934146052472
-0.5690316424942968 0.05472969191942691
0.26255052838884035 -0.11967344903157284
-0.036743898783547356 -0.17061016491589318
-0.05729578203237165 -0.01585492389754385
0.0033210182453429246 -0.422974502301688
0.3121888693346298 -0.43531840453767773
0.12735607032674245 0.2149521847295708
0.5523069896472569 -0.575424617480615
-0.5284473232116911 0.2647816519543479
-0.3552942203120424 -0.0569880602178535
0.07776273420177426 0.14792394659510952
0.032549099256936435 -0.14461183247959297
0.023623387613116248 -0.43556025733305637
0.234496791703097 -0.360234804533036
-0.34391157837032216 -0.0663103908141011
0.13708903884456147 -0.47466386046099657
0.0988682509831904 0.3805813090863029
0.21393473378892328 0.03919426177603815
-0.200602209205354 -0.19886861308291262
0.2131217700837661 0.20279174879689757
0.01873568395000726 -0.062017508246527325
0.07525989973578223 -0.3294714946811335
0.2572405976396553 -0.129800075556958
-0.09866234072127436 -0.27719987144389907
0.3734378104166011 0.2741137649686779
-0.4774958095311454 0.04563659864605241
0.22706741702192576 0.031153850886579033
0.4097372682423022 0.03178204908161446
0.10253339792547993 0.01848850501799822
0.35037233627472714 -0.013943673113788496
-0.11771793075869548 -0.3201680836168418
0.30965931698217364 0.10316707561311199
0.21706630779263464 0.20614529868994838
0.06117919193822296 0.20813097464213093
0.022738872644914677 -0.21635862771327993
0.07620778118991817 0.006628059164594068
0.02390394271610515 0.5016030071289694
0.17812894411232924 0.18119024848166396
-0.10500017133318751 0.027351035130197064
-0.11552361321599651 -0.10593728014404448
0.32030936724469183 0.42192959035189354
-0.43273183529215925 0.021871596853819862
-0.047653006456442 -0.06427283688880872
0.007781832834768334 0.15723163312455676
-0.10881557553810484 -0.010078611890198262
0.16739262493190196 -0.6457960220767953
-0.024651448263088148 0.5891060504586844
0.3808074798689518 0.04823567410155029
0.06695853313035596 -0.1275768246442248
-0.11231153955790728 0.15833172499449633
-0.39893611078547964 0.5645606426770556
0.2963668478385047 -0.3641457589023644
-0.1737398085484973 0.39165163641510997
-0.16447235956646528 -0.09143649261359381
-0.2932146450506801 0.22529195409892003
-0.2531965838425386 0.45511953928944854
-0.12299765193215595 0.1277451773286965
-0.1696289717957575 -0.20957183363495152
-0.27440527940170023 0.08004809628937061
-0.011806246946249748 -0.193324590647967
0.10520983222530597 0.38264783744377584
0.14036529462862743 0.35254519181657007
-0.2327946178566069 -0.36702526543538194
-0.21965729056718897 0.015597878112383752
-0.19035665321332956 -0.054057815336521514
0.017864524403780554 -0.313005130893222
0.20059014168565878 0.22494748746345766
0.2298932617030063 0.12221983660234738
-0.10987365982242896 0.10263236275204321
0.02972567122165879 0.09407094065294735
-0.011512721256418617 0.005128344038325591
-0.48829518009106593 -0.06500150244557192
-0.11523439804706022 -0.46891391959246725
-0.5247835524019189 -0.15999659772195746
0.21989024878031213 0.09442970107717251
0.37717231475996943 0.2270781781722758
-0.055223458852437485 0.023167921629830016
0.11975817422773063 -0.27590933182705935
-0.14387799853081149 -0.04531790491591576
0.12710115454312607 -0.14998620179336455
0.20574976993323557 0.25537459735342116
-0.02155247039386724 -0.12432750049843218
-0.14281350391878758 -0.07874754721646826
0.38500479136828336 -0.42675974956825785
-0.4375211177809473 -0.4375963474092101
-0.3205608538882363 -0.2383810908717515
-0.05609235171329966 -0.2849097432965144
0.0884879180969615 0.02554964747527864
0.48575077269133476 0.11453062642686807
-0.028621323839955994 -0.17243308077143416
-0.2148583245808219 -0.16763262356759046
0.17315209172297236 -0.15884194829570242
-0.2989947419897016 0.21170152770364425
0.2326705905832206 0.019509158926606835
0.011958887713353078 0.3034535836982827
-0.27443160076695916 0.23475798487563995
-0.23359465864693627 0.010168748236080044
0.15729411586228725 -0.04324373451912003
-0.2151910321863618 0.09773277823191678
0.20034850588807232 -0.10531549424213442
-0.41479597517390393 0.26339207672416254
0.11587968507352948 -0.06745859160262499
0.4507475295100414 -0.02794926532378094
-0.29475624108730153 0.24058860481977326
0.43415918602784775 -0.44778634423848196
0.1399539133000616 -0.24762161753610568
-0.0674069860868553 -0.03825335323500519
-0.158199285089026 0.09909378262367977
-0.10757050587254735 -0.3904067666861061
-0.029396180416286128 0.19518728512444247
-0.23637824261382806 -0.3741788891291583
-0.17649354045895557 -0.30312037823181603
-0.05146644769050953 0.10364004935563859
0.13865509677226448 0.054020690108241905
0.3005943746305672 0.40704360929443717
0.10367931742767972 -0.13312040227409486
-0.12577642396204136 -0.08311852843420303
0.36139909942701187 -0.15731641119912054
0.31346658452720905 -0.03540043344524284
-0.4367208727160795 -0.1276293416589454
-0.4267557987940206 -0.012613953164829217
-0.049146918401331785 0.12294278555960499
-0.2713488124474072 -0.1951489868913151
-0.18190993582683918 0.31260194676835235
0.08615626641186973 0.0016639377964424982
-0.47356795078717234 -0.1076799006327582
0.1815096984939535 -0.16354125761002797
0.34229612676260995 -0.17015770712736236
-0.20501000430212657 0.27920180125215255
-0.3503532122417445 -0.23192024758236698
0.02555111295896069 -0.36042349480784514
-0.23593536869094317 0.08185692331719169
-0.4983968205550607 -0.49612388608357455
0.19664546435897334 0.1040495114655476
-0.2644581286895984 -0.012250301671076335
0.13041899684921507 -0.17327403071367237
0.0026216986187050807 0.006216957095424083
0.17768501267278314 -0.16077479762689195
-0.15059601922064852 0.00020410840429829769
-0.1747409486849614 -0.23175278146296893
-0.34957594446854556 -0.3860620641970426
0.3389353476996441 0.11129048434909482
0.00816441292445531 -0.23550513571299445
0.2605000622976364 0.005348989697058375
-0.25747822123664876 -0.051740379918317946
-0.16279171524040847 -0.019154563963994575
-0.15771124116970475 -0.04536142760175322
-0.27292439598003615 0.2290380957845258
0.5181936854856903 0.08441187674664252
-0.2307081344941186 -0.4363760790676652
-0.17464929772738 -0.01936218154118776
0.3747888847694635 -0.09285521640168623
0.3238185114468461 -0.27389748014729315
-0.22095812645148558 0.05240202124454406
0.30369904200382464 -0.16591389822210348
-0.15663709972414683 -0.15493807963657083
-0.06966275186389506 -0.24085233636242193
0.4225468447099071 -0.3244790084892145
-0.1711804232016427 0.10549960007932134
0.1755412445772421 0.36910033549385246
-0.033470136050924804 0.19957516302490555
0.17175993304101939 -0.06607132951193995
0.10655457671573322 -0.285877232388072
0.2994491561963506 -0.24276979527739467
-0.30112832058317013 -0.20605211009756275
-0.015657708441569655 0.0938332853444338
0.14910221049510897 -0.3284399763074458
0.4578405627340265 -0.5425669187133997
0.42692030567588507 -0.1311982133262771
0.15476965621263666 0.07750448274116008
0.47588587253290715 -0.011233864406738783
-0.07100769502126988 0.1350503849285111
-0.2694953240815046 0.29067149947561605
-0.011012744012130126 -0.12535079956829584
0.020177453270081906 -0.11903859458897859
0.005551555057338201 -0.1719597038459906
-0.07700315363203947 -0.1251846271660935
-0.35632051585094326 0.038461848342305476
0.1272987384523631 -0.1253048334670403
-0.44298466197505937 0.13607595117896532
-0.048213148557723545 0.037494805236990045
-0.5581021957890365 0.02336054969126369
-0.39656249259421983 -0.40895095253198677
-0.3413796794295128 -0.10053051164711266
-0.07029213612765366 0.3426410024564546
0.17030713593258942 0.03990453342812702
0.03420949180196846 0.12043300747991376
-0.27096564348949953 -0.4747587850952079
-0.15609317729887368 0.1808003527106807
0.04904038041277758 0.1797726922788037
-0.06869692399917957 0.08923849148624151
-0.14965566429299368 0.5022907513611303
0.23022963623685141 -0.26131638728869433
-0.052679712389663506 0.05304688173258331
-0.3021816474200593 0.17704339022427426
0.09231071154359036 0.2299962576920395
0.03740860894928338 0.29377983353280324
0.020505272013866958 0.0839438038789764
-0.02311535631340598 -0.09280567683785261
-0.07295913217601961 0.05336444723283102
0.10973881985083174 -0.2057738087987324
-0.07641744536681801 -0.34345223427179733
0.1861773245501189 0.7817204466267771
-0.11785781046596865 -0.4974854875504611
0.3694155910425114 0.6698489362310375
-0.13864560176443277 0.24001122857624604
0.04920935998498692 0.011044673496790055
0.1383234864000335 -0.17970974247267268
0.10997065694802512 0.20089623061878875
0.0291536697259971 0.4213314421181796
-0.14528210961930282 0.24862995851291295
-0.10327254162904907 0.09258431799243232
0.289379559260335 -0.0783679962683289
0.2641724816179179 -0.21709922870766613
-0.08894923805221058 -0.15542388993439615
0.07653503616867989 0.290511849006566
0.6529501052067089 0.2001808131241266
0.5806115979992098 -0.2905957218419604
-0.13377410559932779 -0.19350346664484866
0.01493679782257079 0.4281785708049742
-0.07000474580649882 0.23631853678508913
-0.4593369444783942 -0.04746289402215706
-0.07976113966547879 -0.07272738099275601
0.13903648466617013 -0.290189273682563
-0.2784170501560422 -0.16874608698433483
0.15856691761761013 0.5747399314154491
0.2670017877437513 -0.1651325127017469
0.09942969192370436 0.10946177825430756
0.10919269920019169 0.15809797439182804
-0.10316160934543947 -0.0704276663850766
-0.0349589113138967 0.031557062675331565
0.10014317295001195 0.28242733421849897
0.1166647841315123 -0.1697886333549894
-0.019740863927227896 -0.23995865959779045
-0.06779059518635967 0.15956179749224914
0.15626313595541005 -0.049347731485811945
0.10164677375078005 0.15801239965946895
-0.17055343071135926 0.2863912485643089
-0.4821829052114346 0.04188867037779112
0.14951176871143013 0.05022132788904597
-0.10381484311535698 -0.2120279069562177
-0.0613136720600122 -0.1504661062260203
-0.1905180926177637 -0.37676921415798803
0.18059194363716796 -0.46164590275622724
0.34653407185021956 -0.16578270864914185
-0.33429899295254245 -0.15944038829396087
-0.19571178322684807 0.06963048038060306
0.4204160004615578 0.09668655889491393
0.08645552931343004 0.15263212422361586
-0.15649737153230278 -0.1799179058164049
-0.19918831405253767 0.04813049302584502
0.07621724040904183 -0.4811994829701983
0.1649895013813267 0.10945679550251342
0.17688430336583058 0.39110184247869295
0.061431642922353 0.0788942330324605
0.3029375258416192 0.11767054753391035
0.1769945522509478 0.022013338732093095
0.1408044647158223 -0.12722616860218192
0.009534093806700842 -0.1752090433705746
0.14178999548899326 0.2882739305109306
-0.07974314903124965 -0.287671432980657
-0.006901087650355381 -0.21107798729935207
0.07331810939766455 -0.31882505748047846
-0.15186419809100013 0.17975413206306173
0.2172295750518541 0.14010168460404115
0.4187378753527756 -0.10128092416419027
-0.061722954163167455 0.09959005870753601
0.036414379831863915 -0.426566956629749
-0.11352825134949204 -0.053130497349869896
-0.05681440884925706 -0.1579840675164076
0.04694034156052445 0.017225230635936197
-0.3198445556748939 0.15505298450875846
-0.3645130672468716 -0.1741526814224804
0.011172606993880051 0.013217221739116344
-0.043358527724273496 0.14174488327119672
-0.10961127866350444 0.24061849968769647
-0.12206671806713569 -0.03174733415656866
0.08034253768375056 0.5823182914151547
-0.09404443335668125 0.1405988143074432
-0.0137306883905942 0.344731171108373
-0.12530352849768325 0.03371307170266279
0.5039469513872721 -0.14443803158267582
-0.17458013636315 -0.19030446405973794
-0.23772935625098782 -0.43598365339034956
-0.19228292008820427 0.25562033523116257
-0.22060124525372649 -0.6419593125716185
-0.18363230658326526 0.16268645858960723
-0.2666643263613911 0.13241852274428031
-0.03205605890459354 0.025857951150091183
0.17040055346380167 -0.08274980069128661
0.3702627414699725 -0.36883723711664795
-0.017298785689678537 0.2021517082051839
-0.03900938643034677 -0.09665759756878253
-0.2985828963970214 0.1489645896758406
0.19738999933403686 0.06730220641648237
0.1609362517717754 0.32958416492546766
0.11429142451143334 0.11752157503638735
0.2337940840450369 0.678469393316556
0.1453418787283819 -0.4700984440234219
0.11680546761015821 0.008371218691349965
0.2988649019806309 0.009070569962798609
0.18315893870415575 0.20043340773730015
-0.09539835591188478 0.0645940800644868
0.46145159224442517 -0.42307882958726406
-0.18484919949760337 -0.12491056242662198
-0.4216957970386531 0.06338087271392069
-0.30995004567821344 0.4226363499440066
0.06559648267102422 -0.27614092998047024
-0.05946391595815329 0.0014498902221234836
0.20074334016619716 -0.3131444062931963
0.193710246260594 -0.12816795810212833
-0.23762718501073238 0.2716199589206729
0.052785655825669575 -0.5154729726348447
-0.3066765219808765 -0.40158444689886597
-0.3170215140247459 -0.2131793454515427
-0.299410051552181 0.12036378422523912
0.011482206335771223 -0.11605217078139779
0.2491617420445524 -0.2896608373214158
-0.24423131754214325 -0.4635783590918391
0.5365622617127428 -0.023030812076721637
-0.13713356166138288 -0.3455628632778678
-0.011235389405237531 0.35349854195742103
-0.06367522327397619 0.13015991562216533
-0.011463073471902379 0.11263211822251383
0.015262498302983069 -0.6326920128931639
-0.051149939614580045 0.3182350324883028
0.2584616547341534 0.032106939071760335
-0.08134371403218346 0.10782970428464728
-0.0933459202544939 -0.1536869140629741
0.17031799970704609 0.001560209816729416
-0.563142428022878 0.07747302222434073
-0.3230949110347304 -0.17593484845155982
0.27791408496314507 -0.40055640728857583
-0.09164519900750205 -0.16663007262294066
-0.03967633757891714 -0.2433207868859379
-0.03573253948447736 0.13257095752558262
0.3332882101254195 -0.48032324124939696
-0.20920427448112522 -0.15471073554451956
0.028286748021207512 -0.12608307558571782
0.004213996433811554 -0.3482441292759986
-0.012048104069707417 -0.14955817429122528
0.31279809446225637 -0.33954061179675243
0.11296895193408887 0.20282347657275937
0.08444566783958293 -0.2940355797241739
0.3372838606574689 0.22916067299515147
0.31191300354805473 -0.1950691827469902
-0.04081833093189205 0.285181587714584
0.5382273193788042 0.2253370351491369
-0.2470562407769235 -0.12177109302665949
0.32380601501474066 -0.08026703004147678
-0.3330093672735103 0.2362582012660697
-0.10747923524031826 -0.18892049947200776
0.23027624495224078 -0.1066833526293967
-0.21519218155954062 -0.08201823679885795
-0.463804384215299 0.38902177803361726
0.09836110763380733 -0.047114299905510616
-0.3743092625705917 -0.05437183062364236
0.029520401904663665 -0.10453767604445012
-0.11341969326685312 -0.013562458607870715
0.17914585355079377 0.1140080679439881
-0.020734885715887507 -0.32028985561733236
0.16494211194932853 0.004801877293503482
-0.0545849785148089 -0.0823129771446465
-0.252025305481283 0.3651753869421519
-0.16465244443875499 0.05202209358826423
-0.13434705510325734 -0.4040395543753944
-0.25513604832631903 0.2591740154964534
0.5241975880083366 -0.13297793065507832
0.4471547430484415 -0.21932791794122095
-0.29430213811682 0.19844240243003158
0.19254236083975398 -0.0014863105568477758
0.2448460238235525 0.49365233907843187
-0.41415976288766937 0.0033042063404980786
-0.3733752970901733 0.019195717051131794
0.09891352316649395 0.1659506378150244
-0.3953856115823755 -0.3551173018620426
0.1332547004188502 -0.1616647728789095
0.5141896892552356 -0.19952483246482902
-0.014069412406113462 -0.14751458201766798
-0.18493668797014612 0.44876856052295566
0.05824850099683152 0.27426655940344624
0.208457618900893 -0.06997177809200417
0.1040585100428724 0.1547123044088352
0.22757205897368366 -0.21799018218606092
-0.11720639209600173 0.10528403231578323
0.13201078359308807 -0.36500978760268193
-0.14849618103711462 0.17895395146826287
-0.10659848117691159 0.40437388299215493
0.7270342582271072 -0.2334573980192663
0.49115419762768603 0.00022443504195861848
-0.11914480682864563 -0.008063929496772688
0.14344943317444556 -0.0377627423490833
0.3032743123973435 -0.09866304087501857
0.1446354815625391 0.3274014052525287
0.003082299301949354 0.21317349537193703
0.05648352337572367 -0.22036042154617802
-0.14065904083767836 -0.018162412681873505
0.32410767194570095 -0.12109717672353387
0.11741591077100992 -0.3417549140815159
0.2619633551048997 -0.2569839876998831
0.2797635387651157 -0.11360785683099747
0.028297995309728423 0.09717012796712383
0.3370580698277166 0.4128228994565581
-0.6582373042395049 0.11462799378576803
-0.020497967926845457 0.1484891028941956
-0.04241811966506851 -0.04530134053408172
0.0621919764263391 -0.1638323670913053
0.0704820485546885 -0.47580130680864335
0.29112477660346225 0.3093638077485251
-0.12182546454927344 -0.11783660334162979
0.3003214720916286 0.14920772889762712
-0.018197629877811285 0.06681328352068316
0.3232521022536416 0.04172191018316575
0.024895508816639062 0.14876173307789375
-0.17025641551676765 -0.26609933017725884
0.20112913416739098 0.5163195666838564
-0.16877210792575542 -0.20577893980914344
0.30309331635616527 0.033497432770302565
0.5621228718806639 0.2690140544499444
-0.299948172918704 0.3707512492976075
-0.005855867198120111 0.3304525664836655
0.22949442206050671 0.1210532089594599
0.44863659138444584 0.22914589305949776
-0.33368848498704634 0.04545392036731396
0.18229478549494266 0.15346642622027307
0.10135065029084739 -0.005861909429283299
-0.009988473024745053 -0.1909286699593371
-0.08870051415340639 0.16691291646350997
0.2914600051952378 -0.38090035169434533
-0.006293448426872989 0.02443441571498988
0.41599931472013 0.6085878661776336
-0.1765599204722518 0.09043499797252351
-0.3274214221094857 -0.2110336361826472
0.37244149182618846 -0.10875364791353168
-0.06053954171536737 0.08439909383321402
0.07500988223405741 -0.5267085398556153
-0.06388892816851781 -0.020044609484794036
-0.19417897244182977 -0.32016999512762456
0.2732561101024697 -0.013769378611913253
0.12359894460984854 -0.4789200913787024
0.10515982411246136 -0.08612384002072881
0.20167185417083142 0.08404239294435599
0.13305901024680913 0.08234492183208532
0.023891147005330012 0.05013968944631348
0.2937443052764592 -0.3992734304825732
0.41940428127933177 -0.16761031028653797
-0.05615983986550724 -0.42810621212507877
-0.14002396986038826 -0.14776434193435758
-0.2595498421951869 -0.3894483140212154
-0.25911103150939435 -0.18822899698774193
-0.3036096040079523 -0.6257438169342672
0.06061866654906263 -0.03865748570735983
0.36608129710447607 -0.35601139543216465
-0.02310654638429729 0.026645076694058172
-0.03287324008850371 -0.06638375612224875
0.2588060860723711 0.07734568003905574
-0.10928668466418154 -0.16778037967631165
-0.3981360532873901 0.032657082496833766
-0.02891298890229817 -0.1223506216763347
-0.17544362323720422 0.29598535067558535
-0.19339970271914073 0.0963833910446084
-0.2939166136006343 0.08388143869857556
0.6155179971149568 0.03851158062624503
-0.07054158662828747 -0.4150920765176191
0.10921647759434538 -0.1827572035821244
-0.18533670517943912 0.2932843511917636
0.3563372426477194 -0.10371050748379335
-0.023113812492796093 0.3488620672765337
-0.14656446307302848 -0.6212137556754638
0.704065862652302 -0.4849837244534795
-0.3278836661464521 -0.1779978709912302
-0.1540239207426946 -0.053674954665815906
0.14252861337723077 -0.02123386319467253
0.5997161444735221 0.3672815302900089
-0.04518671373996348 0.04816853089100056
0.1244014737921265 0.22383620303919186
-0.12161983343849173 -0.00193438645488773
-0.0005920952891385603 0.22222016304870076
-0.2080644252366334 0.25513216916429193
-0.19089573633135082 -0.12025312014210325
0.006325168560471827 -0.04411465185743311
-0.08725772008574541 0.2600117065898645
0.36620019464854914 -0.5357873107659046
0.0350755609297284 0.09727713802855933
0.015492068990145052 0.41834385321736434
-0.12120681238084594 0.1585031947891593
-0.3127086809775809 -0.5311758967116107
-0.23592616324993987 0.36522104164434555
0.4263805767814253 0.0675669963518617
0.5738691113440973 -0.17472243975291726
-0.3061786770220651 -0.2339674124234478
0.09017006775694494 0.020383179817156826
-0.096842065241721 -0.16241757219333233
-0.2832874386522758 -0.01292292384615621
0.07960672941612304 -0.04895578787554101
-0.7587556151980064 -0.17170627503470026
0.13460745420597886 -0.09866818307940259
-0.5059223161052521 0.10124871984615787
0.023242311843051845 0.046160854958010165
-0.0394511566402259 -0.1385440903823389
-0.28423898619889115 -0.2163407007851443
0.00101534358025429 0.531243821037338
0.19934142842673183 0.5812211323119949
0.2636711490466696 -0.10548784694118755
-0.4479328743897852 -0.21604869192649262
0.29568731149966665 0.46998159702330017
0.15770718651486051 0.05031714918532781
-0.08547461409391548 0.015099888941061894
-0.19737774226866922 -0.1642264370295615
0.2476570177836799 0.18477367186238997
0.03144387592900692 0.13679211673468056
0.32524409738407384 0.07642637839040946
-0.2766255255216603 -0.11319726881815946
0.16771973457182238 0.3337764464180422
-0.006429269411375788 -0.43302452496280674
0.6037929705123186 0.4834553226376671
0.30680003643722653 0.20277154046699503
0.08918075844290413 0.19778999182522783
0.19217938905498871 -0.05126850428236442
-0.29965197038344416 0.17645155791606815
0.575354426787699 0.06933426262759694
-0.13010636393597752 -0.052759805160757706
-0.39515253826771013 -0.029495806986277028
0.1708120597332543 0.06119666141363786
-0.5653865968416774 0.13355237657403077
-0.3820365003684845 0.2530455831075741
-0.15811392232189106 0.32337820537970946
0.07407780656718851 -0.3458004094506547
0.2559946745261694 0.20553892649467903
-0.2977015670004957 -0.11680894818626815
-0.13160526861633093 -0.14270219506905232
0.12833172982048266 -0.2613651055400259
0.3269767245561493 -0.07164160036186247
-0.3595582096491519 0.1402358004446546
-0.29025618638166495 0.04882079265239223
-0.19942281403565137 0.4917897027055111
0.4246057731190306 0.056024767052225526
-0.20131435621296626 -0.17028774676640016
0.23124577528662668 0.021674420804103284
-0.10458937595608028 -0.13196684477257306
0.06297783042685982 0.058023096747993747
0.5941758596273747 -0.19297542134714213
-0.1985588040501656 -0.24891672725607972
0.06435208639133866 -0.13081833580135793
-0.2500076675080402 0.3085199722406415
-0.03518823605736934 0.11600438188179019
0.36718918259391287 0.13383624480772932
0.19255454887651213 -0.09568857004274908
-0.16951624566234064 0.2270485195873994
0.04718543253356686 0.19166331575698273
0.08777686482225845 0.29763883527221136
0.07210634991548787 -0.12653263734474982
0.22385176581959673 0.05202472653040594
0.3456773495955943 -0.5513655589938434
-0.09221203853871822 0.7865491794180929
0.0672646620840324 -0.031881620816907326
0.18077220753835396 -0.191595201005681
0.10925712189701241 -0.4156573220058116
-0.48577275437835465 -0.19475825507862307
0.2173339259087329 -0.2101635465536518
0.28010467642681774 -0.6087402080008418
-0.012531278823191518 -0.19101158287829684
-0.37280225804262274 0.03987387339467225
-0.106506930974671 0.678182781666566
-0.3178535735010454 -0.10442403121175543
0.17698877590048456 0.05965505576289315
0.3501085635541414 -0.18240042396145142
0.43002691619086064 0.25644867160492196
-0.3106858147169602 -0.046679212454564196
0.1920622179326248 -0.10240949916076023
0.039220252626225804 0.003194655298008592
0.187190290822699 -0.4577279555984629
0.02051260421366177 -0.18161613401731644
-0.07049601225598842 -0.05596707874615804
0.3983041548771853 -0.02313208925275276
-0.023910746953569983 0.11317723762587228
0.06990731207421585 -0.2650515380868425
0.4158576386316094 0.5041829135069551
-0.31566094510414416 -0.1020494341381051
0.22050235248820185 -0.42972297590527914
-0.2030807320798276 0.4390098055684097
0.0005049657420284715 0.06254982734155547
-0.3902205894528413 -0.28691275097010427
-0.10208194260200577 0.07132991856041992
-0.010698695493314744 0.02140212079598475
0.06648001179193203 0.33574027996594535
0.05108787757982475 0.06883863981606902
-0.005996257394196432 0.16981573146211473
-0.08494038223974758 0.28610042437514205
0.28416551551830066 0.11144425470952785
-0.37440300692782025 -0.24996689155290464
-0.04729580422343998 0.2275160918241128
-0.17613038483743956 -0.33957286471481163
0.045411136618072265 -0.28398320582970066
0.07580834621986143 -0.005121976649680265
0.39082141755043887 -0.19676525035125345
-0.24240650272043696 0.21863699600106526
0.01442580821982397 0.11006369202635484
0.22859160654582797 -0.046855103089915966
0.38040262542824893 0.09443426530974534
0.2086950537970486 -0.12581140251478642
0.14354157343778481 -0.32336507235007056
-0.3935080272998202 0.24631297248632145
-0.15939450033129401 0.18112839603786185
0.2197221421460413 0.06739438467181484
-0.3192148560167394 -0.029488508832812767
-0.017523832924245388 -0.19384410668673807
-0.6805902181538701 -0.21123241775237422
0.5025792645984524 -0.22383328194814042
0.20276937267993192 -0.09961577760233246
-0.13562548830176693 0.3803334918173604
-0.24566017736153414 -0.04571726963788402
0.02823030945943551 -0.04384031630509523
-0.22656022406237794 -0.2812041475957191
0.40671277706934417 0.3891364525895903
0.042308241241008994 -0.18879584568760757
-0.10243701903880395 0.06767850696336195
0.22356591875322174 -0.09372742008581188
-0.16363297024896228 -0.09052992670277017
0.05291996354791968 -0.03863040454986034
0.28113560960788414 0.8710207590364079
-0.06802375241863799 -0.24548225591307443
0.21648106767048886 0.14770557118089414
-0.03660794442671803 -0.23913216125752104
-0.08590646230997813 -0.4261315208236936
0.5355203425588144 0.15527860631900875
0.043985839036098914 0.0951949341204253
0.098039146562431 -0.03284519110569624
0.4427312312141035 0.14576692549775674
-0.20256095251021022 -0.2671605173120573
0.062013714219224435 -0.2917380254665963
0.05894261583968675 0.2846640738210202
-0.44318663996272056 -0.24088608351998725
0.6807825924751075 0.10451087800346495
-0.291814283684952 -0.1299273842426587
0.24391794124300203 -0.030817883473708268
-0.09346802135101999 0.0553750176411161
0.40111220024141914 -0.3683072912975607
-0.01952121154947836 -0.0118076179296369
0.013422374476353197 -0.007701154286933403
-0.26397005457290007 -0.3926663466851184
0.20539353536278934 -0.3499319469103874
0.2760553394543318 0.3422515581918722
-0.23143182743031837 -0.2527941749847727
0.3542910209327342 0.3916748217287114
-0.13881266653078944 0.3351162156186433
0.013219595159777183 0.33801856777693057
-0.11612232628676798 0.1315752561765601
-0.011136996964942936 0.287923121125308
-0.33086877672921916 -0.1961525402924021
-0.3085100282458117 0.36682385577830173
-0.02456647676913775 -0.0889332890204692
-0.18207340408518724 -0.3981941019324053
-0.1361998343695501 0.3240181789641275
0.29809021244582284 -0.1905490992255637
0.13815960229351817 -0.9355648801745016
-0.43510591771466683 0.17434920147938748
0.12578494098185453 -0.03797787400106362
0.35041525986769295 -0.05346780634038461
0.02628987986836973 0.11911992934826224
0.13290168038955208 -0.3424135338166893
0.314234170979456 -0.16282143902090085
-0.021965696889374987 -0.42091921142522326
-0.19896844968393984 0.16429645701201884
0.09980136939985576 0.021664066409304045
-0.03695513482626775 0.1138527954765157
0.10034287247615346 -0.017639632096155045
0.28455975328380595 -0.2909841391169277
0.21804195222923614 0.28897026508010837
-0.2300682745295264 -0.08793573132067597
0.012973133936139242 -0.04169799635752981
0.09100601717163609 0.6885341607228831
0.2228159940768504 -0.0514183390808499
-0.20450252675043273 0.20898285610005518
-0.14772247432472255 -0.013818904382117612
-0.2273093476705695 -0.1391560492477011
-0.4205580260581929 -0.07135590729825605
0.30422186918194893 0.13935632427047184
-0.15224503121430846 0.33730558695104956
-0.10649918235453054 0.06971748649719221
-0.023236464533636494 -0.44314247919761196
0.2811099155966853 -0.14093413037527083
0.16539090784855845 -0.4119010028073343
0.36973562549214406 -0.5685696104936724
-0.04580508103935194 0.08405868670281626
0.16730793202798153 -0.08447379914979163
0.2012098313324307 -0.4303698381400282
0.30686341016266777 -0.05655959670489773
-0.23169493369167432 0.2845150279825573
0.08127382372964365 -0.06310110198850871
0.022227659007721327 -0.04742084911868321
0.009580199023552277 0.414733707460172
-0.060006938844181394 0.14891819506083814
0.058835040453480515 -0.30603215195987044
0.3039270025529801 -0.1867566775208879
0.005676060974724288 0.4312630108443207
-0.37544876948960004 0.4756675766171987
-0.2389832562449088 -0.27133343097261653
0.09809811900699125 0.25086313022545875
0.07129231805559581 -0.1284248359194379
0.3700439116949051 0.09668323921486463
-0.1010465026497245 -0.2781703396099355
0.11566795040716224 0.19436673492652914
-0.035464877397514825 -0.35070043111701826
0.19232117878118177 -0.34765804184639515
-0.09625471697537198 0.2952053030333154
-0.011313614765927203 0.11499456990773736
0.5379957868163412 -0.09269349572150368
-0.20207667663795847 0.19189639704956818
-0.1896639039740094 -0.17839761930736822
-0.03255344942773381 -0.2559158721297562
-0.15912210239936597 -0.08901596942669977
0.3999151178907922 0.10331733079877188
-0.30021572238383337 -0.3011744686291148
0.02623928601227344 0.10879768044930221
-0.18282071644683903 -0.13639369440837518
-0.046783767090456126 0.16794269339997886
0.29479969108226445 -0.08985589632525873
0.16563084071205494 0.09232447682514434
-0.01646382042931877 0.2294885477799875
